11100000000001010000000000001000
11100000000001111111111111111100
11100000000010010000000000001000
11000000000111000101000000110000
10000000101011110010100000110000
01111100111001010000000000001000
00111100111100100000000000001000
01000000000000000000000000000000
01000000000000000000000000000000
01000000000000000000000000000000
01000000000000000000000000000000
01000000000000000000000000000000
01000000000000000000000000000000
01000000000000000000000000000000
01000000000000000000000000000000
01000000000000000000000000000000
01000000000000000000000000000000
01000000000000000000000000000000
01000000000000000000000000000000
01000000000000000000000000000000
01000000000000000000000000000000
01000000000000000000000000000000
01000000000000000000000000000000
01000000000000000000000000000000
01000000000000000000000000000000
01000000000000000000000000000000
01000000000000000000000000000000
01000000000000000000000000000000
01000000000000000000000000000000
01000000000000000000000000000000
01000000000000000000000000000000
01000000000000000000000000000000
01000000000000000000000000000000
01000000000000000000000000000000
01000000000000000000000000000000
01000000000000000000000000000000
01000000000000000000000000000000
01000000000000000000000000000000
01000000000000000000000000000000
01000000000000000000000000000000
01000000000000000000000000000000
01000000000000000000000000000000
01000000000000000000000000000000
01000000000000000000000000000000
01000000000000000000000000000000
01000000000000000000000000000000
01000000000000000000000000000000
01000000000000000000000000000000
01000000000000000000000000000000
01000000000000000000000000000000
01000000000000000000000000000000
01000000000000000000000000000000
01000000000000000000000000000000
01000000000000000000000000000000
01000000000000000000000000000000
01000000000000000000000000000000
01000000000000000000000000000000
01000000000000000000000000000000
01000000000000000000000000000000
01000000000000000000000000000000
01000000000000000000000000000000
01000000000000000000000000000000
01000000000000000000000000000000
01000000000000000000000000000000
01000000000000000000000000000000
01000000000000000000000000000000
01000000000000000000000000000000
01000000000000000000000000000000
01000000000000000000000000000000
01000000000000000000000000000000
01000000000000000000000000000000
01000000000000000000000000000000
01000000000000000000000000000000
01000000000000000000000000000000
01000000000000000000000000000000
01000000000000000000000000000000
01000000000000000000000000000000
01000000000000000000000000000000
01000000000000000000000000000000
01000000000000000000000000000000
01000000000000000000000000000000
01000000000000000000000000000000
01000000000000000000000000000000
01000000000000000000000000000000
01000000000000000000000000000000
01000000000000000000000000000000
01000000000000000000000000000000
01000000000000000000000000000000
01000000000000000000000000000000
01000000000000000000000000000000
01000000000000000000000000000000
01000000000000000000000000000000
01000000000000000000000000000000
01000000000000000000000000000000
01000000000000000000000000000000
01000000000000000000000000000000
01000000000000000000000000000000
01000000000000000000000000000000
01000000000000000000000000000000
01000000000000000000000000000000
01000000000000000000000000000000
01000000000000000000000000000000
01000000000000000000000000000000
01000000000000000000000000000000
01000000000000000000000000000000
01000000000000000000000000000000
01000000000000000000000000000000
01000000000000000000000000000000
01000000000000000000000000000000
01000000000000000000000000000000
01000000000000000000000000000000
01000000000000000000000000000000
01000000000000000000000000000000
01000000000000000000000000000000
01000000000000000000000000000000
01000000000000000000000000000000
01000000000000000000000000000000
01000000000000000000000000000000
01000000000000000000000000000000
01000000000000000000000000000000
01000000000000000000000000000000
01000000000000000000000000000000
01000000000000000000000000000000
01000000000000000000000000000000
01000000000000000000000000000000
01000000000000000000000000000000
01000000000000000000000000000000
01000000000000000000000000000000
01000000000000000000000000000000
01000000000000000000000000000000
01000000000000000000000000000000
01000000000000000000000000000000
01000000000000000000000000000000
01000000000000000000000000000000
01000000000000000000000000000000
01000000000000000000000000000000
01000000000000000000000000000000
01000000000000000000000000000000
01000000000000000000000000000000
01000000000000000000000000000000
01000000000000000000000000000000
01000000000000000000000000000000
01000000000000000000000000000000
01000000000000000000000000000000
01000000000000000000000000000000
01000000000000000000000000000000
01000000000000000000000000000000
01000000000000000000000000000000
01000000000000000000000000000000
01000000000000000000000000000000
01000000000000000000000000000000
01000000000000000000000000000000
01000000000000000000000000000000
01000000000000000000000000000000
01000000000000000000000000000000
01000000000000000000000000000000
01000000000000000000000000000000
01000000000000000000000000000000
01000000000000000000000000000000
01000000000000000000000000000000
01000000000000000000000000000000
01000000000000000000000000000000
01000000000000000000000000000000
01000000000000000000000000000000
01000000000000000000000000000000
01000000000000000000000000000000
01000000000000000000000000000000
01000000000000000000000000000000
01000000000000000000000000000000
01000000000000000000000000000000
01000000000000000000000000000000
01000000000000000000000000000000
01000000000000000000000000000000
01000000000000000000000000000000
01000000000000000000000000000000
01000000000000000000000000000000
01000000000000000000000000000000
01000000000000000000000000000000
01000000000000000000000000000000
01000000000000000000000000000000
01000000000000000000000000000000
01000000000000000000000000000000
01000000000000000000000000000000
01000000000000000000000000000000
01000000000000000000000000000000
01000000000000000000000000000000
01000000000000000000000000000000
01000000000000000000000000000000
01000000000000000000000000000000
01000000000000000000000000000000
01000000000000000000000000000000
01000000000000000000000000000000
01000000000000000000000000000000
01000000000000000000000000000000
01000000000000000000000000000000
01000000000000000000000000000000
01000000000000000000000000000000
01000000000000000000000000000000
01000000000000000000000000000000
01000000000000000000000000000000
01000000000000000000000000000000
01000000000000000000000000000000
01000000000000000000000000000000
01000000000000000000000000000000
01000000000000000000000000000000
01000000000000000000000000000000
01000000000000000000000000000000
01000000000000000000000000000000
01000000000000000000000000000000
01000000000000000000000000000000
01000000000000000000000000000000
01000000000000000000000000000000
01000000000000000000000000000000
01000000000000000000000000000000
01000000000000000000000000000000
01000000000000000000000000000000
01000000000000000000000000000000
01000000000000000000000000000000
01000000000000000000000000000000
01000000000000000000000000000000
01000000000000000000000000000000
01000000000000000000000000000000
01000000000000000000000000000000
01000000000000000000000000000000
01000000000000000000000000000000
01000000000000000000000000000000
01000000000000000000000000000000
01000000000000000000000000000000
01000000000000000000000000000000
01000000000000000000000000000000
01000000000000000000000000000000
01000000000000000000000000000000
01000000000000000000000000000000
01000000000000000000000000000000
01000000000000000000000000000000
01000000000000000000000000000000
01000000000000000000000000000000
01000000000000000000000000000000
01000000000000000000000000000000
01000000000000000000000000000000
01000000000000000000000000000000
01000000000000000000000000000000
01000000000000000000000000000000
01000000000000000000000000000000
01000000000000000000000000000000
01000000000000000000000000000000
01000000000000000000000000000000
01000000000000000000000000000000
01000000000000000000000000000000
01000000000000000000000000000000
01000000000000000000000000000000
01000000000000000000000000000000
01000000000000000000000000000000
01000000000000000000000000000000
01000000000000000000000000000000
01000000000000000000000000000000