11100000000001010000000000001000
01111100101001010000000000000100
11100000000000010000000000001000
11100000000000100000000000001000
11100000000000110000000000001000
00111100101100100000000000000100
10000010010001110010100000110000
01000000000000000000000000000000
01000000000000000000000000000000
01000000000000000000000000000000
01000000000000000000000000000000
01000000000000000000000000000000
01000000000000000000000000000000
01000000000000000000000000000000
01000000000000000000000000000000
01000000000000000000000000000000
01000000000000000000000000000000
01000000000000000000000000000000
01000000000000000000000000000000
01000000000000000000000000000000
01000000000000000000000000000000
01000000000000000000000000000000
01000000000000000000000000000000
01000000000000000000000000000000
01000000000000000000000000000000
01000000000000000000000000000000
01000000000000000000000000000000
01000000000000000000000000000000
01000000000000000000000000000000
01000000000000000000000000000000
01000000000000000000000000000000
01000000000000000000000000000000
01000000000000000000000000000000
01000000000000000000000000000000
01000000000000000000000000000000
01000000000000000000000000000000
01000000000000000000000000000000
01000000000000000000000000000000
01000000000000000000000000000000
01000000000000000000000000000000
01000000000000000000000000000000
01000000000000000000000000000000
01000000000000000000000000000000
01000000000000000000000000000000
01000000000000000000000000000000
01000000000000000000000000000000
01000000000000000000000000000000
01000000000000000000000000000000
01000000000000000000000000000000
01000000000000000000000000000000
01000000000000000000000000000000
01000000000000000000000000000000
01000000000000000000000000000000
01000000000000000000000000000000
01000000000000000000000000000000
01000000000000000000000000000000
01000000000000000000000000000000
01000000000000000000000000000000
01000000000000000000000000000000
01000000000000000000000000000000
01000000000000000000000000000000
01000000000000000000000000000000
01000000000000000000000000000000
01000000000000000000000000000000
01000000000000000000000000000000
01000000000000000000000000000000
01000000000000000000000000000000
01000000000000000000000000000000
01000000000000000000000000000000
01000000000000000000000000000000
01000000000000000000000000000000
01000000000000000000000000000000
01000000000000000000000000000000
01000000000000000000000000000000
01000000000000000000000000000000
01000000000000000000000000000000
01000000000000000000000000000000
01000000000000000000000000000000
01000000000000000000000000000000
01000000000000000000000000000000
01000000000000000000000000000000
01000000000000000000000000000000
01000000000000000000000000000000
01000000000000000000000000000000
01000000000000000000000000000000
01000000000000000000000000000000
01000000000000000000000000000000
01000000000000000000000000000000
01000000000000000000000000000000
01000000000000000000000000000000
01000000000000000000000000000000
01000000000000000000000000000000
01000000000000000000000000000000
01000000000000000000000000000000
01000000000000000000000000000000
01000000000000000000000000000000
01000000000000000000000000000000
01000000000000000000000000000000
01000000000000000000000000000000
01000000000000000000000000000000
01000000000000000000000000000000
01000000000000000000000000000000
01000000000000000000000000000000
01000000000000000000000000000000
01000000000000000000000000000000
01000000000000000000000000000000
01000000000000000000000000000000
01000000000000000000000000000000
01000000000000000000000000000000
01000000000000000000000000000000
01000000000000000000000000000000
01000000000000000000000000000000
01000000000000000000000000000000
01000000000000000000000000000000
01000000000000000000000000000000
01000000000000000000000000000000
01000000000000000000000000000000
01000000000000000000000000000000
01000000000000000000000000000000
01000000000000000000000000000000
01000000000000000000000000000000
01000000000000000000000000000000
01000000000000000000000000000000
01000000000000000000000000000000
01000000000000000000000000000000
01000000000000000000000000000000
01000000000000000000000000000000
01000000000000000000000000000000
01000000000000000000000000000000
01000000000000000000000000000000
01000000000000000000000000000000
01000000000000000000000000000000
01000000000000000000000000000000
01000000000000000000000000000000
01000000000000000000000000000000
01000000000000000000000000000000
01000000000000000000000000000000
01000000000000000000000000000000
01000000000000000000000000000000
01000000000000000000000000000000
01000000000000000000000000000000
01000000000000000000000000000000
01000000000000000000000000000000
01000000000000000000000000000000
01000000000000000000000000000000
01000000000000000000000000000000
01000000000000000000000000000000
01000000000000000000000000000000
01000000000000000000000000000000
01000000000000000000000000000000
01000000000000000000000000000000
01000000000000000000000000000000
01000000000000000000000000000000
01000000000000000000000000000000
01000000000000000000000000000000
01000000000000000000000000000000
01000000000000000000000000000000
01000000000000000000000000000000
01000000000000000000000000000000
01000000000000000000000000000000
01000000000000000000000000000000
01000000000000000000000000000000
01000000000000000000000000000000
01000000000000000000000000000000
01000000000000000000000000000000
01000000000000000000000000000000
01000000000000000000000000000000
01000000000000000000000000000000
01000000000000000000000000000000
01000000000000000000000000000000
01000000000000000000000000000000
01000000000000000000000000000000
01000000000000000000000000000000
01000000000000000000000000000000
01000000000000000000000000000000
01000000000000000000000000000000
01000000000000000000000000000000
01000000000000000000000000000000
01000000000000000000000000000000
01000000000000000000000000000000
01000000000000000000000000000000
01000000000000000000000000000000
01000000000000000000000000000000
01000000000000000000000000000000
01000000000000000000000000000000
01000000000000000000000000000000
01000000000000000000000000000000
01000000000000000000000000000000
01000000000000000000000000000000
01000000000000000000000000000000
01000000000000000000000000000000
01000000000000000000000000000000
01000000000000000000000000000000
01000000000000000000000000000000
01000000000000000000000000000000
01000000000000000000000000000000
01000000000000000000000000000000
01000000000000000000000000000000
01000000000000000000000000000000
01000000000000000000000000000000
01000000000000000000000000000000
01000000000000000000000000000000
01000000000000000000000000000000
01000000000000000000000000000000
01000000000000000000000000000000
01000000000000000000000000000000
01000000000000000000000000000000
01000000000000000000000000000000
01000000000000000000000000000000
01000000000000000000000000000000
01000000000000000000000000000000
01000000000000000000000000000000
01000000000000000000000000000000
01000000000000000000000000000000
01000000000000000000000000000000
01000000000000000000000000000000
01000000000000000000000000000000
01000000000000000000000000000000
01000000000000000000000000000000
01000000000000000000000000000000
01000000000000000000000000000000
01000000000000000000000000000000
01000000000000000000000000000000
01000000000000000000000000000000
01000000000000000000000000000000
01000000000000000000000000000000
01000000000000000000000000000000
01000000000000000000000000000000
01000000000000000000000000000000
01000000000000000000000000000000
01000000000000000000000000000000
01000000000000000000000000000000
01000000000000000000000000000000
01000000000000000000000000000000
01000000000000000000000000000000
01000000000000000000000000000000
01000000000000000000000000000000
01000000000000000000000000000000
01000000000000000000000000000000
01000000000000000000000000000000
01000000000000000000000000000000
01000000000000000000000000000000
01000000000000000000000000000000
01000000000000000000000000000000
01000000000000000000000000000000
01000000000000000000000000000000
01000000000000000000000000000000
01000000000000000000000000000000
01000000000000000000000000000000
01000000000000000000000000000000
01000000000000000000000000000000
01000000000000000000000000000000
01000000000000000000000000000000
01000000000000000000000000000000
01000000000000000000000000000000
01000000000000000000000000000000