11000000000001010000000000000100
01111100000001010000000000000100
00111100101010101111111111111100
11001100000000111010101111001101
11100000000100000000000011001101
01000000000000000000000000000000
01000000000000000000000000000000
01000000000000000000000000000000
01000000000000000000000000000000
01000000000000000000000000000000
01000000000000000000000000000000
01000000000000000000000000000000
01000000000000000000000000000000
01000000000000000000000000000000
01000000000000000000000000000000
01000000000000000000000000000000
01000000000000000000000000000000
01000000000000000000000000000000
01000000000000000000000000000000
01000000000000000000000000000000
01000000000000000000000000000000
01000000000000000000000000000000
01000000000000000000000000000000
01000000000000000000000000000000
01000000000000000000000000000000
01000000000000000000000000000000
01000000000000000000000000000000
01000000000000000000000000000000
01000000000000000000000000000000
01000000000000000000000000000000
01000000000000000000000000000000
01000000000000000000000000000000
01000000000000000000000000000000
01000000000000000000000000000000
01000000000000000000000000000000
01000000000000000000000000000000
01000000000000000000000000000000
01000000000000000000000000000000
01000000000000000000000000000000
01000000000000000000000000000000
01000000000000000000000000000000
01000000000000000000000000000000
01000000000000000000000000000000
01000000000000000000000000000000
01000000000000000000000000000000
01000000000000000000000000000000
01000000000000000000000000000000
01000000000000000000000000000000
01000000000000000000000000000000
01000000000000000000000000000000
01000000000000000000000000000000
01000000000000000000000000000000
01000000000000000000000000000000
01000000000000000000000000000000
01000000000000000000000000000000
01000000000000000000000000000000
01000000000000000000000000000000
01000000000000000000000000000000
01000000000000000000000000000000
01000000000000000000000000000000
01000000000000000000000000000000
01000000000000000000000000000000
01000000000000000000000000000000
01000000000000000000000000000000
01000000000000000000000000000000
01000000000000000000000000000000
01000000000000000000000000000000
01000000000000000000000000000000
01000000000000000000000000000000
01000000000000000000000000000000
01000000000000000000000000000000
01000000000000000000000000000000
01000000000000000000000000000000
01000000000000000000000000000000
01000000000000000000000000000000
01000000000000000000000000000000
01000000000000000000000000000000
01000000000000000000000000000000
01000000000000000000000000000000
01000000000000000000000000000000
01000000000000000000000000000000
01000000000000000000000000000000
01000000000000000000000000000000
01000000000000000000000000000000
01000000000000000000000000000000
01000000000000000000000000000000
01000000000000000000000000000000
01000000000000000000000000000000
01000000000000000000000000000000
01000000000000000000000000000000
01000000000000000000000000000000
01000000000000000000000000000000
01000000000000000000000000000000
01000000000000000000000000000000
01000000000000000000000000000000
01000000000000000000000000000000
01000000000000000000000000000000
01000000000000000000000000000000
01000000000000000000000000000000
01000000000000000000000000000000
01000000000000000000000000000000
01000000000000000000000000000000
01000000000000000000000000000000
01000000000000000000000000000000
01000000000000000000000000000000
01000000000000000000000000000000
01000000000000000000000000000000
01000000000000000000000000000000
01000000000000000000000000000000
01000000000000000000000000000000
01000000000000000000000000000000
01000000000000000000000000000000
01000000000000000000000000000000
01000000000000000000000000000000
01000000000000000000000000000000
01000000000000000000000000000000
01000000000000000000000000000000
01000000000000000000000000000000
01000000000000000000000000000000
01000000000000000000000000000000
01000000000000000000000000000000
01000000000000000000000000000000
01000000000000000000000000000000
01000000000000000000000000000000
01000000000000000000000000000000
01000000000000000000000000000000
01000000000000000000000000000000
01000000000000000000000000000000
01000000000000000000000000000000
01000000000000000000000000000000
01000000000000000000000000000000
01000000000000000000000000000000
01000000000000000000000000000000
01000000000000000000000000000000
01000000000000000000000000000000
01000000000000000000000000000000
01000000000000000000000000000000
01000000000000000000000000000000
01000000000000000000000000000000
01000000000000000000000000000000
01000000000000000000000000000000
01000000000000000000000000000000
01000000000000000000000000000000
01000000000000000000000000000000
01000000000000000000000000000000
01000000000000000000000000000000
01000000000000000000000000000000
01000000000000000000000000000000
01000000000000000000000000000000
01000000000000000000000000000000
01000000000000000000000000000000
01000000000000000000000000000000
01000000000000000000000000000000
01000000000000000000000000000000
01000000000000000000000000000000
01000000000000000000000000000000
01000000000000000000000000000000
01000000000000000000000000000000
01000000000000000000000000000000
01000000000000000000000000000000
01000000000000000000000000000000
01000000000000000000000000000000
01000000000000000000000000000000
01000000000000000000000000000000
01000000000000000000000000000000
01000000000000000000000000000000
01000000000000000000000000000000
01000000000000000000000000000000
01000000000000000000000000000000
01000000000000000000000000000000
01000000000000000000000000000000
01000000000000000000000000000000
01000000000000000000000000000000
01000000000000000000000000000000
01000000000000000000000000000000
01000000000000000000000000000000
01000000000000000000000000000000
01000000000000000000000000000000
01000000000000000000000000000000
01000000000000000000000000000000
01000000000000000000000000000000
01000000000000000000000000000000
01000000000000000000000000000000
01000000000000000000000000000000
01000000000000000000000000000000
01000000000000000000000000000000
01000000000000000000000000000000
01000000000000000000000000000000
01000000000000000000000000000000
01000000000000000000000000000000
01000000000000000000000000000000
01000000000000000000000000000000
01000000000000000000000000000000
01000000000000000000000000000000
01000000000000000000000000000000
01000000000000000000000000000000
01000000000000000000000000000000
01000000000000000000000000000000
01000000000000000000000000000000
01000000000000000000000000000000
01000000000000000000000000000000
01000000000000000000000000000000
01000000000000000000000000000000
01000000000000000000000000000000
01000000000000000000000000000000
01000000000000000000000000000000
01000000000000000000000000000000
01000000000000000000000000000000
01000000000000000000000000000000
01000000000000000000000000000000
01000000000000000000000000000000
01000000000000000000000000000000
01000000000000000000000000000000
01000000000000000000000000000000
01000000000000000000000000000000
01000000000000000000000000000000
01000000000000000000000000000000
01000000000000000000000000000000
01000000000000000000000000000000
01000000000000000000000000000000
01000000000000000000000000000000
01000000000000000000000000000000
01000000000000000000000000000000
01000000000000000000000000000000
01000000000000000000000000000000
01000000000000000000000000000000
01000000000000000000000000000000
01000000000000000000000000000000
01000000000000000000000000000000
01000000000000000000000000000000
01000000000000000000000000000000
01000000000000000000000000000000
01000000000000000000000000000000
01000000000000000000000000000000
01000000000000000000000000000000
01000000000000000000000000000000
01000000000000000000000000000000
01000000000000000000000000000000
01000000000000000000000000000000
01000000000000000000000000000000
01000000000000000000000000000000
01000000000000000000000000000000
01000000000000000000000000000000
01000000000000000000000000000000
01000000000000000000000000000000
01000000000000000000000000000000
01000000000000000000000000000000
01000000000000000000000000000000
01000000000000000000000000000000
01000000000000000000000000000000
01000000000000000000000000000000
01000000000000000000000000000000
01000000000000000000000000000000
01000000000000000000000000000000
01000000000000000000000000000000
01000000000000000000000000000000