11100000000000110000000000011110
01111100000000110000000000010100
11001100000000110000000000011110
11001100000000110000000000011110
11001000000000110000000000011110
00111100001000100000000000010100
10000000010001000010100000110010
10000000010010000011000000110011
10000000100010010001000000110000
01000000000000000000000000000000
01000000000000000000000000000000
01000000000000000000000000000000
01000000000000000000000000000000
01000000000000000000000000000000
01000000000000000000000000000000
01000000000000000000000000000000
01000000000000000000000000000000
01000000000000000000000000000000
01000000000000000000000000000000
01000000000000000000000000000000
01000000000000000000000000000000
01000000000000000000000000000000
01000000000000000000000000000000
01000000000000000000000000000000
01000000000000000000000000000000
01000000000000000000000000000000
01000000000000000000000000000000
01000000000000000000000000000000
01000000000000000000000000000000
01000000000000000000000000000000
01000000000000000000000000000000
01000000000000000000000000000000
01000000000000000000000000000000
01000000000000000000000000000000
01000000000000000000000000000000
01000000000000000000000000000000
01000000000000000000000000000000
01000000000000000000000000000000
01000000000000000000000000000000
01000000000000000000000000000000
01000000000000000000000000000000
01000000000000000000000000000000
01000000000000000000000000000000
01000000000000000000000000000000
01000000000000000000000000000000
01000000000000000000000000000000
01000000000000000000000000000000
01000000000000000000000000000000
01000000000000000000000000000000
01000000000000000000000000000000
01000000000000000000000000000000
01000000000000000000000000000000
01000000000000000000000000000000
01000000000000000000000000000000
01000000000000000000000000000000
01000000000000000000000000000000
01000000000000000000000000000000
01000000000000000000000000000000
01000000000000000000000000000000
01000000000000000000000000000000
01000000000000000000000000000000
01000000000000000000000000000000
01000000000000000000000000000000
01000000000000000000000000000000
01000000000000000000000000000000
01000000000000000000000000000000
01000000000000000000000000000000
01000000000000000000000000000000
01000000000000000000000000000000
01000000000000000000000000000000
01000000000000000000000000000000
01000000000000000000000000000000
01000000000000000000000000000000
01000000000000000000000000000000
01000000000000000000000000000000
01000000000000000000000000000000
01000000000000000000000000000000
01000000000000000000000000000000
01000000000000000000000000000000
01000000000000000000000000000000
01000000000000000000000000000000
01000000000000000000000000000000
01000000000000000000000000000000
01000000000000000000000000000000
01000000000000000000000000000000
01000000000000000000000000000000
01000000000000000000000000000000
01000000000000000000000000000000
01000000000000000000000000000000
01000000000000000000000000000000
01000000000000000000000000000000
01000000000000000000000000000000
01000000000000000000000000000000
01000000000000000000000000000000
01000000000000000000000000000000
01000000000000000000000000000000
01000000000000000000000000000000
01000000000000000000000000000000
01000000000000000000000000000000
01000000000000000000000000000000
01000000000000000000000000000000
01000000000000000000000000000000
01000000000000000000000000000000
01000000000000000000000000000000
01000000000000000000000000000000
01000000000000000000000000000000
01000000000000000000000000000000
01000000000000000000000000000000
01000000000000000000000000000000
01000000000000000000000000000000
01000000000000000000000000000000
01000000000000000000000000000000
01000000000000000000000000000000
01000000000000000000000000000000
01000000000000000000000000000000
01000000000000000000000000000000
01000000000000000000000000000000
01000000000000000000000000000000
01000000000000000000000000000000
01000000000000000000000000000000
01000000000000000000000000000000
01000000000000000000000000000000
01000000000000000000000000000000
01000000000000000000000000000000
01000000000000000000000000000000
01000000000000000000000000000000
01000000000000000000000000000000
01000000000000000000000000000000
01000000000000000000000000000000
01000000000000000000000000000000
01000000000000000000000000000000
01000000000000000000000000000000
01000000000000000000000000000000
01000000000000000000000000000000
01000000000000000000000000000000
01000000000000000000000000000000
01000000000000000000000000000000
01000000000000000000000000000000
01000000000000000000000000000000
01000000000000000000000000000000
01000000000000000000000000000000
01000000000000000000000000000000
01000000000000000000000000000000
01000000000000000000000000000000
01000000000000000000000000000000
01000000000000000000000000000000
01000000000000000000000000000000
01000000000000000000000000000000
01000000000000000000000000000000
01000000000000000000000000000000
01000000000000000000000000000000
01000000000000000000000000000000
01000000000000000000000000000000
01000000000000000000000000000000
01000000000000000000000000000000
01000000000000000000000000000000
01000000000000000000000000000000
01000000000000000000000000000000
01000000000000000000000000000000
01000000000000000000000000000000
01000000000000000000000000000000
01000000000000000000000000000000
01000000000000000000000000000000
01000000000000000000000000000000
01000000000000000000000000000000
01000000000000000000000000000000
01000000000000000000000000000000
01000000000000000000000000000000
01000000000000000000000000000000
01000000000000000000000000000000
01000000000000000000000000000000
01000000000000000000000000000000
01000000000000000000000000000000
01000000000000000000000000000000
01000000000000000000000000000000
01000000000000000000000000000000
01000000000000000000000000000000
01000000000000000000000000000000
01000000000000000000000000000000
01000000000000000000000000000000
01000000000000000000000000000000
01000000000000000000000000000000
01000000000000000000000000000000
01000000000000000000000000000000
01000000000000000000000000000000
01000000000000000000000000000000
01000000000000000000000000000000
01000000000000000000000000000000
01000000000000000000000000000000
01000000000000000000000000000000
01000000000000000000000000000000
01000000000000000000000000000000
01000000000000000000000000000000
01000000000000000000000000000000
01000000000000000000000000000000
01000000000000000000000000000000
01000000000000000000000000000000
01000000000000000000000000000000
01000000000000000000000000000000
01000000000000000000000000000000
01000000000000000000000000000000
01000000000000000000000000000000
01000000000000000000000000000000
01000000000000000000000000000000
01000000000000000000000000000000
01000000000000000000000000000000
01000000000000000000000000000000
01000000000000000000000000000000
01000000000000000000000000000000
01000000000000000000000000000000
01000000000000000000000000000000
01000000000000000000000000000000
01000000000000000000000000000000
01000000000000000000000000000000
01000000000000000000000000000000
01000000000000000000000000000000
01000000000000000000000000000000
01000000000000000000000000000000
01000000000000000000000000000000
01000000000000000000000000000000
01000000000000000000000000000000
01000000000000000000000000000000
01000000000000000000000000000000
01000000000000000000000000000000
01000000000000000000000000000000
01000000000000000000000000000000
01000000000000000000000000000000
01000000000000000000000000000000
01000000000000000000000000000000
01000000000000000000000000000000
01000000000000000000000000000000
01000000000000000000000000000000
01000000000000000000000000000000
01000000000000000000000000000000
01000000000000000000000000000000
01000000000000000000000000000000
01000000000000000000000000000000
01000000000000000000000000000000
01000000000000000000000000000000
01000000000000000000000000000000
01000000000000000000000000000000
01000000000000000000000000000000
01000000000000000000000000000000
01000000000000000000000000000000
01000000000000000000000000000000
01000000000000000000000000000000
01000000000000000000000000000000
01000000000000000000000000000000
01000000000000000000000000000000
01000000000000000000000000000000
01000000000000000000000000000000
01000000000000000000000000000000
01000000000000000000000000000000
01000000000000000000000000000000
01000000000000000000000000000000
01000000000000000000000000000000
01000000000000000000000000000000
01000000000000000000000000000000